wave,no,is_last_in_wave,enemy_id,time,gate,formation_id,min_difficulty,money,health,delta_time
0,0,0,1,0,0,0,0,650,20,15000
0,1,0,1,800,0,0,0,,,
0,2,0,1,1600,0,0,0,,,
0,3,0,1,2400,0,0,0,,,
0,4,0,1,3200,0,0,0,,,
0,5,0,1,15000,0,0,0,,,
0,6,0,1,15800,0,0,0,,,
0,7,0,1,16600,0,0,0,,,
0,8,0,1,17400,0,0,0,,,
0,9,0,1,18200,0,0,0,,,
0,10,0,1,19000,0,0,0,,,
0,11,0,1,27000,0,0,0,,,
0,12,0,1,27800,0,0,0,,,
0,13,0,1,28600,0,0,0,,,
0,14,0,1,29400,0,0,0,,,
0,15,0,1,30200,0,0,0,,,
0,16,0,1,31000,0,0,0,,,
0,17,1,1,31800,0,0,0,,,
1,0,0,1,0,1,0,0,,,
1,1,0,1,800,1,0,0,,,
1,2,0,1,1600,1,0,0,,,
1,3,0,1,2400,1,0,0,,,
1,4,0,1,3200,1,0,0,,,
1,5,0,1,10000,1,0,0,,,
1,6,0,1,10800,1,0,0,,,
1,7,0,1,11600,1,0,0,,,
1,8,0,1,12400,1,0,0,,,
1,9,0,1,13200,1,0,0,,,
1,10,0,1,14000,1,0,0,,,
1,11,0,1,24000,1,0,0,,,
1,12,0,1,24800,1,0,0,,,
1,13,0,1,25600,1,0,0,,,
1,14,0,1,26400,1,0,0,,,
1,15,0,1,27200,1,0,0,,,
1,16,0,1,28000,1,0,0,,,
1,17,1,1,28800,1,0,0,,,
2,0,0,1,0,0,0,0,,,
2,1,0,1,800,0,0,0,,,
2,2,0,1,1600,0,0,0,,,
2,3,0,1,2400,0,0,0,,,
2,4,0,1,3200,0,0,0,,,
2,5,0,1,25000,0,0,0,,,
2,6,0,1,25800,0,0,0,,,
2,7,0,1,26600,0,0,0,,,
2,8,0,1,27400,0,0,0,,,
2,9,0,1,28200,0,0,0,,,
2,10,0,3,30000,0,0,0,,,
2,11,0,3,31500,0,0,0,,,
2,12,0,3,33000,0,0,0,,,
2,13,0,3,34500,0,0,0,,,
2,14,0,3,36000,0,0,0,,,
2,15,0,1,18000,1,0,0,,,
2,16,0,1,18800,1,0,0,,,
2,17,0,1,19600,1,0,0,,,
2,18,0,1,20400,1,0,0,,,
2,19,0,1,21200,1,0,0,,,
2,20,0,3,26000,1,0,0,,,
2,21,0,3,26800,1,0,0,,,
2,22,0,3,27600,1,0,0,,,
2,23,0,1,35000,1,0,0,,,
2,24,0,1,35800,1,0,0,,,
2,25,0,1,36600,1,0,0,,,
2,26,0,1,37400,1,0,0,,,
2,27,1,1,38200,1,0,0,,,
3,0,0,9,0,0,0,0,,,
3,1,0,9,3000,0,0,0,,,
3,2,0,9,5000,0,0,0,,,
3,3,0,9,27000,0,0,0,,,
3,4,0,9,28000,0,0,0,,,
3,5,0,9,29000,0,0,0,,,
3,6,0,9,30000,0,0,0,,,
3,7,0,3,35000,0,0,0,,,
3,8,0,3,36000,0,0,0,,,
3,9,0,3,37000,0,0,0,,,
3,10,1,3,38000,0,0,0,,,
3,11,0,1,18000,1,0,0,,,
3,12,0,1,18800,1,0,0,,,
3,13,0,1,19600,1,0,0,,,
3,14,0,1,20400,1,0,0,,,
3,15,0,1,21200,1,0,0,,,
3,16,0,1,22000,1,0,0,,,
4,0,0,1,0,0,0,0,,,
4,1,0,1,800,0,0,0,,,
4,2,0,1,1600,0,0,0,,,
4,3,0,1,2400,0,0,0,,,
4,4,0,1,3200,0,0,0,,,
4,5,0,1,10000,0,0,0,,,
4,6,0,1,10800,0,0,0,,,
4,7,0,1,11600,0,0,0,,,
4,8,0,3,30000,0,0,0,,,
4,9,0,3,30800,0,0,0,,,
4,10,0,3,31600,0,0,0,,,
4,11,0,3,32400,0,0,0,,,
4,12,0,9,20000,0,0,0,,,
4,13,0,9,20800,0,0,0,,,
4,14,0,9,21600,0,0,0,,,
4,15,0,9,22400,0,0,0,,,
4,16,0,1,12000,1,0,0,,,
4,17,0,1,12800,1,0,0,,,
4,18,0,1,13600,1,0,0,,,
4,19,0,1,14400,1,0,0,,,
4,20,0,1,15200,1,0,0,,,
4,21,0,9,31000,1,0,0,,,
4,22,0,9,32000,1,0,0,,,
4,23,0,9,33000,1,0,0,,,
4,24,0,9,34000,1,0,0,,,
4,25,0,1,40000,1,0,0,,,
4,26,0,1,40800,1,0,0,,,
4,27,0,1,41600,1,0,0,,,
4,28,0,1,42400,1,0,0,,,
4,29,1,1,43200,1,0,0,,,
5,0,0,1,0,1,0,0,,,
5,1,0,1,800,1,0,0,,,
5,2,0,1,1600,1,0,0,,,
5,3,0,1,2400,1,0,0,,,
5,4,0,1,3200,1,0,0,,,
5,5,0,9,10000,1,0,0,,,
5,6,0,9,11000,1,0,0,,,
5,7,0,9,12000,1,0,0,,,
5,8,0,9,13000,1,0,0,,,
5,9,0,9,14000,1,0,0,,,
5,10,0,3,20000,1,0,0,,,
5,11,0,3,20800,1,0,0,,,
5,12,0,3,21600,1,0,0,,,
5,13,0,3,22400,1,0,0,,,
5,14,0,3,23200,1,0,0,,,
5,15,0,9,27000,1,0,0,,,
5,16,0,9,28000,1,0,0,,,
5,17,0,9,29000,1,0,0,,,
5,18,0,9,30000,1,0,0,,,
5,19,0,9,31000,1,0,0,,,
5,20,0,3,36000,1,0,0,,,
5,21,0,3,36800,1,0,0,,,
5,22,0,3,37600,1,0,0,,,
5,23,0,3,38400,1,0,0,,,
5,24,0,3,39200,1,0,0,,,
5,25,0,3,40000,1,0,0,,,
5,26,1,3,40800,1,0,0,,,
6,0,0,14,0,0,0,0,,,
6,1,0,14,1500,0,0,0,,,
6,2,0,14,3000,0,0,0,,,
6,3,0,14,4500,0,0,0,,,
6,4,0,14,6000,0,0,0,,,
6,5,0,14,15000,0,0,0,,,
6,6,0,14,16500,0,0,0,,,
6,7,0,14,18000,0,0,0,,,
6,8,0,14,19500,0,0,0,,,
6,9,0,14,21000,0,0,0,,,
6,10,0,3,10000,0,0,0,,,
6,11,0,3,10800,0,0,0,,,
6,12,0,3,11600,0,0,0,,,
6,13,0,3,12400,0,0,0,,,
6,14,0,3,13200,0,0,0,,,
6,15,0,14,33000,0,0,0,,,
6,16,0,14,34500,0,0,0,,,
6,17,0,14,36000,0,0,0,,,
6,18,0,14,37500,0,0,0,,,
6,19,1,14,39000,0,0,0,,,
6,20,0,3,28000,0,0,0,,,
6,21,0,3,28800,0,0,0,,,
6,22,0,3,29600,0,0,0,,,
6,23,0,3,30400,0,0,0,,,
6,24,0,3,31200,0,0,0,,,
7,0,0,1,4000,0,0,0,,,
7,1,0,1,4800,0,0,0,,,
7,2,0,1,5600,0,0,0,,,
7,3,0,1,6400,0,0,0,,,
7,4,0,1,7200,0,0,0,,,
7,5,0,9,15000,0,0,0,,,
7,6,0,9,16000,0,0,0,,,
7,7,0,9,17000,0,0,0,,,
7,8,0,9,18000,0,0,0,,,
7,9,0,9,19000,0,0,0,,,
7,10,0,14,40000,0,0,0,,,
7,11,0,14,41500,0,0,0,,,
7,12,0,14,43000,0,0,0,,,
7,13,0,14,44500,0,0,0,,,
7,14,1,14,46000,0,0,0,,,
7,15,0,3,30000,0,0,0,,,
7,16,0,3,30800,0,0,0,,,
7,17,0,3,31600,0,0,0,,,
7,18,0,3,32400,0,0,0,,,
7,19,0,3,33200,0,0,0,,,
7,20,0,1,0,1,0,0,,,
7,21,0,1,800,1,0,0,,,
7,22,0,1,1600,1,0,0,,,
7,23,0,1,2400,1,0,0,,,
7,24,0,1,3200,1,0,0,,,
7,25,0,14,20000,1,0,0,,,
7,26,0,14,21500,1,0,0,,,
7,27,0,14,23000,1,0,0,,,
7,28,0,14,24500,1,0,0,,,
7,29,0,14,26000,1,0,0,,,
7,30,0,3,12000,1,0,0,,,
7,31,0,3,12800,1,0,0,,,
7,32,0,3,13600,1,0,0,,,
7,33,0,3,14400,1,0,0,,,
7,34,0,3,15200,1,0,0,,,
7,35,0,9,40000,1,0,0,,,
7,36,0,9,41000,1,0,0,,,
7,37,0,9,42000,1,0,0,,,
7,38,0,9,43000,1,0,0,,,
7,39,0,9,44000,1,0,0,,,
7,40,0,3,35000,1,0,0,,,
7,41,0,3,35800,1,0,0,,,
7,42,0,3,36600,1,0,0,,,
7,43,0,3,37400,1,0,0,,,
7,44,0,3,38200,1,0,0,,,
8,0,0,1,0,0,0,0,,,
8,1,0,1,800,0,0,0,,,
8,2,0,1,1600,0,0,0,,,
8,3,0,1,2400,0,0,0,,,
8,4,0,1,3200,0,0,0,,,
8,5,0,1,4000,0,0,0,,,
8,6,0,1,4800,0,0,0,,,
8,7,0,1,15000,0,0,0,,,
8,8,0,1,15800,0,0,0,,,
8,9,0,1,16600,0,0,0,,,
8,10,0,1,17400,0,0,0,,,
8,11,0,1,18200,0,0,0,,,
8,12,0,1,19000,0,0,0,,,
8,13,0,1,19800,0,0,0,,,
8,14,0,3,5000,1,0,0,,,
8,15,0,3,5800,1,0,0,,,
8,16,0,3,6600,1,0,0,,,
8,17,0,3,7400,1,0,0,,,
8,18,0,3,8200,1,0,0,,,
8,19,0,3,9000,1,0,0,,,
8,20,0,3,9800,1,0,0,,,
8,21,0,12,22000,1,0,0,,,
8,22,0,12,26000,1,0,0,,,
8,23,0,12,30000,1,0,0,,,
8,24,0,12,34000,1,0,0,,,
8,25,0,12,40000,1,0,0,,,
8,26,0,12,44000,1,0,0,,,
8,27,0,12,48000,1,0,0,,,
8,28,0,12,52000,1,0,0,,,
8,29,1,12,56000,1,0,0,,,
9,0,0,14,14000,0,0,0,,,
9,1,0,14,15500,0,0,0,,,
9,2,0,14,17000,0,0,0,,,
9,3,0,14,18500,0,0,0,,,
9,4,0,14,20000,0,0,0,,,
9,5,0,3,8000,0,0,0,,,
9,6,0,3,8800,0,0,0,,,
9,7,0,3,9600,0,0,0,,,
9,8,0,3,10400,0,0,0,,,
9,9,0,3,11200,0,0,0,,,
9,10,0,14,38000,0,0,0,,,
9,11,0,14,39500,0,0,0,,,
9,12,0,14,41000,0,0,0,,,
9,13,0,14,42500,0,0,0,,,
9,14,1,14,44000,0,0,0,,,
9,15,0,3,30000,0,0,0,,,
9,16,0,3,30800,0,0,0,,,
9,17,0,3,31600,0,0,0,,,
9,18,0,3,32400,0,0,0,,,
9,19,0,3,33200,0,0,0,,,
9,20,0,3,0,1,0,0,,,
9,21,0,3,800,1,0,0,,,
9,22,0,3,1600,1,0,0,,,
9,23,0,3,2400,1,0,0,,,
9,24,0,3,3200,1,0,0,,,
9,25,0,3,10000,1,0,0,,,
9,26,0,3,10800,1,0,0,,,
9,27,0,3,11600,1,0,0,,,
9,28,0,3,12400,1,0,0,,,
9,29,0,3,13200,1,0,0,,,
9,30,0,9,30000,1,0,0,,,
9,31,0,9,31000,1,0,0,,,
9,32,0,9,32000,1,0,0,,,
9,33,0,9,33000,1,0,0,,,
9,34,0,9,34000,1,0,0,,,
9,35,0,3,20000,1,0,0,,,
9,36,0,3,20800,1,0,0,,,
9,37,0,3,21600,1,0,0,,,
9,38,0,3,22400,1,0,0,,,
9,39,0,3,23200,1,0,0,,,
9,40,0,3,24000,1,0,0,,,
9,41,0,3,24800,1,0,0,,,
10,0,0,14,10000,0,0,0,,,
10,1,0,14,11500,0,0,0,,,
10,2,0,14,13000,0,0,0,,,
10,3,0,14,14500,0,0,0,,,
10,4,0,14,16000,0,0,0,,,
10,5,0,12,45000,0,0,0,,,
10,6,0,12,49000,0,0,0,,,
10,7,0,12,53000,0,0,0,,,
10,8,0,12,57000,0,0,0,,,
10,9,1,12,61000,0,0,0,,,
10,10,0,9,30000,0,0,0,,,
10,11,0,9,31500,0,0,0,,,
10,12,0,9,33000,0,0,0,,,
10,13,0,9,34500,0,0,0,,,
10,14,0,9,36000,0,0,0,,,
10,15,0,9,37500,0,0,0,,,
10,16,0,9,39000,0,0,0,,,
10,17,0,12,0,1,0,0,,,
10,18,0,12,4000,1,0,0,,,
10,19,0,12,8000,1,0,0,,,
10,20,0,12,12000,1,0,0,,,
10,21,0,12,16000,1,0,0,,,
10,22,0,12,20000,1,0,0,,,
10,23,0,12,24000,1,0,0,,,
10,24,0,12,28000,1,0,0,,,
10,25,0,12,32000,1,0,0,,,
10,26,0,12,36000,1,0,0,,,
10,27,0,14,20000,1,0,0,,,
10,28,0,14,21500,1,0,0,,,
10,29,0,14,23000,1,0,0,,,
10,30,0,14,24500,1,0,0,,,
10,31,0,14,26000,1,0,0,,,
10,32,0,9,40000,1,0,0,,,
10,33,0,9,41000,1,0,0,,,
10,34,0,9,42000,1,0,0,,,
10,35,0,9,43000,1,0,0,,,
10,36,0,9,44000,1,0,0,,,
10,37,0,14,50000,1,0,0,,,
10,38,0,14,51500,1,0,0,,,
10,39,0,14,53000,1,0,0,,,
10,40,0,14,54500,1,0,0,,,
10,41,0,14,56000,1,0,0,,,
11,0,0,1,0,0,0,0,,,
11,1,0,1,800,0,0,0,,,
11,2,0,1,1600,0,0,0,,,
11,3,0,1,2400,0,0,0,,,
11,4,0,1,3200,0,0,0,,,
11,5,0,1,4000,0,0,0,,,
11,6,0,1,4800,0,0,0,,,
11,7,0,14,20000,0,0,0,,,
11,8,0,14,21500,0,0,0,,,
11,9,0,14,23000,0,0,0,,,
11,10,0,14,24500,0,0,0,,,
11,11,0,14,26000,0,0,0,,,
11,12,0,3,15000,0,0,0,,,
11,13,0,3,15800,0,0,0,,,
11,14,0,3,16600,0,0,0,,,
11,15,0,3,17400,0,0,0,,,
11,16,0,3,18200,0,0,0,,,
11,17,0,14,45000,0,0,0,,,
11,18,0,14,46500,0,0,0,,,
11,19,0,14,48000,0,0,0,,,
11,20,0,14,49500,0,0,0,,,
11,21,1,14,51000,0,0,0,,,
11,22,0,3,40000,0,0,0,,,
11,23,0,3,40800,0,0,0,,,
11,24,0,3,41600,0,0,0,,,
11,25,0,3,42400,0,0,0,,,
11,26,0,3,43200,0,0,0,,,
11,27,0,1,5000,1,0,0,,,
11,28,0,1,5800,1,0,0,,,
11,29,0,1,6600,1,0,0,,,
11,30,0,1,7400,1,0,0,,,
11,31,0,1,8200,1,0,0,,,
11,32,0,1,9000,1,0,0,,,
11,33,0,1,9800,1,0,0,,,
11,34,0,14,23000,1,0,0,,,
11,35,0,14,24500,1,0,0,,,
11,36,0,14,26000,1,0,0,,,
11,37,0,14,27500,1,0,0,,,
11,38,0,14,29000,1,0,0,,,
11,39,0,3,20000,1,0,0,,,
11,40,0,3,20800,1,0,0,,,
11,41,0,3,21600,1,0,0,,,
11,42,0,3,22400,1,0,0,,,
11,43,0,3,23200,1,0,0,,,
11,44,0,14,0,1,0,0,,,
11,45,0,14,1500,1,0,0,,,
11,46,0,14,3000,1,0,0,,,
11,47,0,14,4500,1,0,0,,,
11,48,0,14,6000,1,0,0,,,
11,49,0,3,0,1,0,0,,,
11,50,0,3,800,1,0,0,,,
11,51,0,3,1600,1,0,0,,,
11,52,0,3,2400,1,0,0,,,
11,53,0,3,3200,1,0,0,,,
12,0,0,1,4000,0,0,0,,,
12,1,0,1,4800,0,0,0,,,
12,2,0,1,5600,0,0,0,,,
12,3,0,1,6400,0,0,0,,,
12,4,0,1,7200,0,0,0,,,
12,5,0,9,15000,0,0,0,,,
12,6,0,9,16000,0,0,0,,,
12,7,0,9,17000,0,0,0,,,
12,8,0,9,18000,0,0,0,,,
12,9,0,9,19000,0,0,0,,,
12,10,0,14,40000,0,0,0,,,
12,11,0,14,41500,0,0,0,,,
12,12,0,14,43000,0,0,0,,,
12,13,0,14,44500,0,0,0,,,
12,14,1,14,46000,0,0,0,,,
12,15,0,3,30000,0,0,0,,,
12,16,0,3,30800,0,0,0,,,
12,17,0,3,31600,0,0,0,,,
12,18,0,3,32400,0,0,0,,,
12,19,0,3,33200,0,0,0,,,
12,20,0,1,0,1,0,0,,,
12,21,0,1,800,1,0,0,,,
12,22,0,1,1600,1,0,0,,,
12,23,0,1,2400,1,0,0,,,
12,24,0,1,3200,1,0,0,,,
12,25,0,14,20000,1,0,0,,,
12,26,0,14,21500,1,0,0,,,
12,27,0,14,23000,1,0,0,,,
12,28,0,14,24500,1,0,0,,,
12,29,0,14,26000,1,0,0,,,
12,30,0,3,12000,1,0,0,,,
12,31,0,3,12800,1,0,0,,,
12,32,0,3,13600,1,0,0,,,
12,33,0,3,14400,1,0,0,,,
12,34,0,3,15200,1,0,0,,,
12,35,0,9,40000,1,0,0,,,
12,36,0,9,41000,1,0,0,,,
12,37,0,9,42000,1,0,0,,,
12,38,0,9,43000,1,0,0,,,
12,39,0,9,44000,1,0,0,,,
12,40,0,3,35000,1,0,0,,,
12,41,0,3,35800,1,0,0,,,
12,42,0,3,36600,1,0,0,,,
12,43,0,3,37400,1,0,0,,,
12,44,0,3,38200,1,0,0,,,
13,0,0,14,10000,0,0,0,,,
13,1,0,14,11500,0,0,0,,,
13,2,0,14,13000,0,0,0,,,
13,3,0,14,14500,0,0,0,,,
13,4,0,14,16000,0,0,0,,,
13,5,0,12,45000,0,0,0,,,
13,6,0,12,49000,0,0,0,,,
13,7,0,12,53000,0,0,0,,,
13,8,0,12,57000,0,0,0,,,
13,9,1,12,61000,0,0,0,,,
13,10,0,9,30000,0,0,0,,,
13,11,0,9,31500,0,0,0,,,
13,12,0,9,33000,0,0,0,,,
13,13,0,9,34500,0,0,0,,,
13,14,0,9,36000,0,0,0,,,
13,15,0,9,37500,0,0,0,,,
13,16,0,9,39000,0,0,0,,,
13,17,0,12,0,1,0,0,,,
13,18,0,12,4000,1,0,0,,,
13,19,0,12,8000,1,0,0,,,
13,20,0,12,12000,1,0,0,,,
13,21,0,12,16000,1,0,0,,,
13,22,0,12,20000,1,0,0,,,
13,23,0,12,24000,1,0,0,,,
13,24,0,12,28000,1,0,0,,,
13,25,0,12,32000,1,0,0,,,
13,26,0,12,36000,1,0,0,,,
13,27,0,14,20000,1,0,0,,,
13,28,0,14,21500,1,0,0,,,
13,29,0,14,23000,1,0,0,,,
13,30,0,14,24500,1,0,0,,,
13,31,0,14,26000,1,0,0,,,
13,32,0,9,40000,1,0,0,,,
13,33,0,9,41000,1,0,0,,,
13,34,0,9,42000,1,0,0,,,
13,35,0,9,43000,1,0,0,,,
13,36,0,9,44000,1,0,0,,,
13,37,0,14,50000,1,0,0,,,
13,38,0,14,51500,1,0,0,,,
13,39,0,14,53000,1,0,0,,,
13,40,0,14,54500,1,0,0,,,
13,41,0,14,56000,1,0,0,,,
14,0,0,12,0,0,0,0,,,
14,1,0,12,4000,0,0,0,,,
14,2,0,12,8000,0,0,0,,,
14,3,0,12,12000,0,0,0,,,
14,4,0,12,16000,0,0,0,,,
14,5,0,12,20000,0,0,0,,,
14,6,0,12,24000,0,0,0,,,
14,7,0,12,28000,0,0,0,,,
14,8,0,12,32000,0,0,0,,,
14,9,0,12,36000,0,0,0,,,
14,10,0,14,10000,0,0,0,,,
14,11,0,14,11500,0,0,0,,,
14,12,0,14,13000,0,0,0,,,
14,13,0,14,14500,0,0,0,,,
14,14,0,14,16000,0,0,0,,,
14,15,0,9,45000,0,0,0,,,
14,16,0,9,46000,0,0,0,,,
14,17,0,9,47000,0,0,0,,,
14,18,0,9,48000,0,0,0,,,
14,19,0,9,49000,0,0,0,,,
14,20,0,9,50000,0,0,0,,,
14,21,0,9,51000,0,0,0,,,
14,22,0,14,53000,0,0,0,,,
14,23,0,14,54500,0,0,0,,,
14,24,0,14,56000,0,0,0,,,
14,25,0,14,57500,0,0,0,,,
14,26,0,14,59000,0,0,0,,,
14,27,0,14,60500,0,0,0,,,
14,28,1,14,62000,0,0,0,,,
14,29,0,12,0,1,0,0,,,
14,30,0,12,4000,1,0,0,,,
14,31,0,12,8000,1,0,0,,,
14,32,0,12,12000,1,0,0,,,
14,33,0,12,16000,1,0,0,,,
14,34,0,12,20000,1,0,0,,,
14,35,0,12,24000,1,0,0,,,
14,36,0,12,28000,1,0,0,,,
14,37,0,12,32000,1,0,0,,,
14,38,0,12,36000,1,0,0,,,
14,39,0,14,15000,1,0,0,,,
14,40,0,14,16500,1,0,0,,,
14,41,0,14,18000,1,0,0,,,
14,42,0,14,19500,1,0,0,,,
14,43,0,14,21000,1,0,0,,,
14,44,0,9,35000,1,0,0,,,
14,45,0,9,36000,1,0,0,,,
14,46,0,9,37000,1,0,0,,,
14,47,0,9,38000,1,0,0,,,
14,48,0,9,39000,1,0,0,,,
14,49,0,9,40000,1,0,0,,,
14,50,0,9,41000,1,0,0,,,
14,51,0,14,40000,1,0,0,,,
14,52,0,14,41500,1,0,0,,,
14,53,0,14,43000,1,0,0,,,
14,54,0,14,44500,1,0,0,,,
14,55,0,14,46000,1,0,0,,,
14,56,0,14,47500,1,0,0,,,
14,57,0,14,49000,1,0,0,,,
